
400.0      70.4
401.0      71.7
402.0      73.6
403.0      75.9
404.0      78.5
405.0      81.1
406.0      83.8
407.0      86.6
408.0      89.4
409.0      92.4
410.0      95.4
411.0      98.3
412.0      101.1
413.0      104.1
414.0      108.1
415.0      113.4
416.0      119.4
417.0      125.3
418.0      130.9
419.0      135.9
420.0      140.4
421.0      144.5
422.0      148.3
423.0      151.9
424.0      155.5
425.0      158.9
426.0      162.4
427.0      165.9
428.0      169.3
429.0      172.6
430.0      175.8
431.0      178.9
432.0      182.0
433.0      185.0
434.0      188.0
435.0      191.1
436.0      194.1
437.0      197.1
438.0      200.1
439.0      203.1
440.0      206.0
441.0      208.8
442.0      211.5
443.0      214.2
444.0      216.9
445.0      219.5
446.0      222.2
447.0      224.9
448.0      227.6
449.0      230.3
450.0      232.9
451.0      235.4
452.0      237.9
453.0      240.4
454.0      243.0
455.0      245.6
456.0      248.4
457.0      251.3
458.0      254.3
459.0      257.3
460.0      260.5
461.0      263.8
462.0      267.2
463.0      270.8
464.0      274.6
465.0      278.6
466.0      282.8
467.0      287.2
468.0      291.8
469.0      296.5
470.0      301.3
471.0      306.1
472.0      311.0
473.0      316.1
474.0      321.3
475.0      326.6
476.0      332.0
477.0      337.4
478.0      342.9
479.0      348.4
480.0      353.8
481.0      359.1
482.0      364.4
483.0      369.8
484.0      375.2
485.0      380.6
486.0      386.0
487.0      391.3
488.0      396.7
489.0      401.9
490.0      407.0
491.0      412.1
492.0      417.0
493.0      421.8
494.0      426.5
495.0      431.2
496.0      436.0
497.0      440.7
498.0      445.4
499.0      450.0
500.0      454.5
501.0      458.9
502.0      463.2
503.0      467.4
504.0      471.5
505.0      475.5
506.0      479.5
507.0      483.4
508.0      487.2
509.0      490.9
510.0      494.5
511.0      498.0
512.0      501.5
513.0      504.8
514.0      507.9
515.0      511.1
516.0      514.2
517.0      517.2
518.0      520.1
519.0      523.0
520.0      525.7
521.0      528.2
522.0      530.5
523.0      532.6
524.0      534.5
525.0      536.4
526.0      538.2
527.0      540.0
528.0      541.6
529.0      543.1
530.0      544.5
531.0      545.7
532.0      546.8
533.0      547.7
534.0      548.4
535.0      549.0
536.0      549.5
537.0      550.0
538.0      550.3
539.0      550.4
540.0      550.3
541.0      550.2
542.0      549.9
543.0      549.3
544.0      548.7
545.0      548.0
546.0      547.1
547.0      546.2
548.0      545.1
549.0      544.0
550.0      542.7
551.0      541.4
552.0      540.0
553.0      538.3
554.0      536.5
555.0      534.4
556.0      532.2
557.0      529.5
558.0      526.5
559.0      523.3
560.0      519.9
561.0      516.6
562.0      513.1
563.0      509.5
564.0      505.6
565.0      501.4
566.0      497.1
567.0      492.7
568.0      488.3
569.0      483.9
570.0      479.5
571.0      475.0
572.0      470.4
573.0      465.6
574.0      460.6
575.0      455.7
576.0      450.7
577.0      445.6
578.0      440.3
579.0      434.8
580.0      429.2
581.0      423.6
582.0      417.9
583.0      412.1
584.0      406.2
585.0      400.2
586.0      394.2
587.0      388.1
588.0      382.0
589.0      375.7
590.0      369.5
591.0      363.2
592.0      356.8
593.0      350.3
594.0      343.8
595.0      337.3
596.0      330.7
597.0      324.2
598.0      317.7
599.0      311.2
600.0      304.8
601.0      298.5
602.0      292.1
603.0      285.7
604.0      279.3
605.0      272.9
606.0      266.7
607.0      260.6
608.0      254.5
609.0      248.5
610.0      242.5
611.0      236.6
612.0      230.7
613.0      224.7
614.0      218.8
615.0      212.9
616.0      207.1
617.0      201.4
618.0      195.9
619.0      190.4
620.0      185.0
621.0      179.7
622.0      174.6
623.0      169.4
624.0      164.3
625.0      159.4
626.0      154.5
627.0      149.6
628.0      144.8
629.0      140.2
630.0      135.7
631.0      131.3
632.0      127.1
633.0      122.9
634.0      118.9
635.0      114.9
636.0      111.1
637.0      107.3
638.0      103.6
639.0      100.1
640.0      96.6
641.0      93.3
642.0      90.0
643.0      86.8
644.0      83.6
645.0      80.5
646.0      77.6
647.0      74.8
648.0      72.1
649.0      69.5
650.0      67.0
651.0      64.5
652.0      62.1
653.0      59.8
654.0      57.5
655.0      55.4
656.0      53.3
657.0      51.3
658.0      49.3
659.0      47.4
660.0      45.7
661.0      43.9
662.0      42.2
663.0      40.6
664.0      39.0
665.0      37.6
666.0      36.2
667.0      34.9
668.0      33.7
669.0      32.4
670.0      31.2
671.0      30.1
672.0      29.1
673.0      28.1
674.0      27.1
675.0      26.1
676.0      25.2
677.0      24.3
678.0      23.5
679.0      22.7
680.0      22.0
681.0      21.3
682.0      20.7
683.0      20.0
684.0      19.4
685.0      18.9
686.0      18.4
687.0      18.0
688.0      17.6
689.0      17.2
690.0      16.8
691.0      16.4
692.0      16.1
693.0      15.7
694.0      15.3
695.0      15.0
696.0      14.7
697.0      14.4
698.0      14.1
699.0      13.9
700.0      13.8
