
400.0      5.6
401.0      5.6
402.0      5.6
403.0      5.6
404.0      5.6
405.0      5.6
406.0      5.6
407.0      5.6
408.0      5.6
409.0      5.6
410.0      5.6
411.0      5.6
412.0      5.6
413.0      5.6
414.0      5.6
415.0      5.6
416.0      5.7
417.0      5.8
418.0      5.9
419.0      6.1
420.0      6.3
421.0      6.6
422.0      7.1
423.0      7.8
424.0      9.0
425.0      10.6
426.0      12.6
427.0      15.0
428.0      18.1
429.0      21.8
430.0      25.9
431.0      30.4
432.0      35.4
433.0      40.9
434.0      47.0
435.0      53.3
436.0      59.9
437.0      66.7
438.0      73.5
439.0      80.4
440.0      87.2
441.0      93.7
442.0      100.0
443.0      106.1
444.0      112.1
445.0      117.8
446.0      123.1
447.0      128.3
448.0      133.2
449.0      137.8
450.0      142.1
451.0      146.0
452.0      149.6
453.0      152.9
454.0      156.1
455.0      159.2
456.0      161.9
457.0      164.3
458.0      166.6
459.0      168.6
460.0      170.4
461.0      172.0
462.0      173.3
463.0      174.4
464.0      175.4
465.0      176.1
466.0      176.5
467.0      176.5
468.0      176.3
469.0      175.9
470.0      175.2
471.0      174.4
472.0      173.4
473.0      172.3
474.0      170.8
475.0      169.2
476.0      167.3
477.0      165.2
478.0      162.7
479.0      160.0
480.0      157.1
481.0      154.1
482.0      150.9
483.0      147.5
484.0      144.0
485.0      140.3
486.0      136.6
487.0      132.9
488.0      129.3
489.0      125.5
490.0      121.9
491.0      118.4
492.0      115.1
493.0      111.8
494.0      108.6
495.0      105.6
496.0      102.6
497.0      99.9
498.0      96.9
499.0      93.9
500.0      90.7
501.0      87.4
502.0      83.8
503.0      80.0
504.0      75.9
505.0      71.9
506.0      68.1
507.0      64.5
508.0      61.1
509.0      57.8
510.0      54.8
511.0      52.1
512.0      49.5
513.0      46.8
514.0      44.2
515.0      41.7
516.0      39.2
517.0      36.8
518.0      34.4
519.0      32.2
520.0      30.1
521.0      28.3
522.0      26.5
523.0      24.8
524.0      23.1
525.0      21.6
526.0      20.3
527.0      19.1
528.0      18.0
529.0      17.1
530.0      16.3
531.0      15.7
532.0      15.1
533.0      14.6
534.0      14.2
535.0      13.9
536.0      13.6
537.0      13.4
538.0      13.3
539.0      13.2
540.0      13.1
541.0      13.0
542.0      13.1
543.0      13.2
544.0      13.4
545.0      13.5
546.0      13.9
547.0      14.2
548.0      14.6
549.0      15.0
550.0      15.6
551.0      16.1
552.0      16.6
553.0      17.1
554.0      17.6
555.0      18.0
556.0      18.3
557.0      18.6
558.0      18.8
559.0      18.7
560.0      18.6
561.0      18.4
562.0      18.1
563.0      17.8
564.0      17.3
565.0      16.7
566.0      16.1
567.0      15.4
568.0      14.7
569.0      13.9
570.0      13.2
571.0      12.4
572.0      11.7
573.0      11.0
574.0      10.4
575.0      9.8
576.0      9.3
577.0      8.8
578.0      8.3
579.0      7.9
580.0      7.6
581.0      7.3
582.0      7.1
583.0      6.8
584.0      6.6
585.0      6.4
586.0      6.4
587.0      6.3
588.0      6.2
589.0      6.1
590.0      6.1
591.0      6.1
592.0      6.1
593.0      6.0
594.0      5.9
595.0      5.9
596.0      5.9
597.0      5.9
598.0      5.9
599.0      5.9
600.0      5.9
601.0      5.9
602.0      5.9
603.0      5.9
604.0      5.9
605.0      5.9
606.0      5.9
607.0      5.9
608.0      5.9
609.0      5.9
610.0      5.9
611.0      5.9
612.0      5.9
613.0      5.9
614.0      5.9
615.0      5.9
616.0      5.9
617.0      5.9
618.0      5.9
619.0      5.9
620.0      5.9
621.0      5.9
622.0      5.9
623.0      5.9
624.0      5.9
625.0      5.9
626.0      5.9
627.0      5.9
628.0      5.8
629.0      5.7
630.0      5.6
631.0      5.6
632.0      5.6
633.0      5.6
634.0      5.6
635.0      5.6
636.0      5.6
637.0      5.6
638.0      5.6
639.0      5.6
640.0      5.6
641.0      5.6
642.0      5.6
643.0      5.6
644.0      5.6
645.0      5.6
646.0      5.6
647.0      5.6
648.0      5.6
649.0      5.6
650.0      5.6
651.0      5.6
652.0      5.6
653.0      5.6
654.0      5.6
655.0      5.6
656.0      5.6
657.0      5.6
658.0      5.6
659.0      5.6
660.0      5.6
661.0      5.6
662.0      5.6
663.0      5.6
664.0      5.7
665.0      5.8
666.0      5.8
667.0      5.9
668.0      5.9
669.0      5.8
670.0      5.9
671.0      5.9
672.0      6.0
673.0      6.1
674.0      6.1
675.0      6.1
676.0      6.2
677.0      6.3
678.0      6.3
679.0      6.4
680.0      6.5
681.0      6.7
682.0      6.8
683.0      6.8
684.0      6.9
685.0      7.0
686.0      7.2
687.0      7.3
688.0      7.5
689.0      7.6
690.0      7.8
691.0      7.9
692.0      8.0
693.0      8.1
694.0      8.2
695.0      8.3
696.0      8.4
697.0      8.5
698.0      8.5
699.0      8.6
700.0      8.6
