400.0      145.0
401.0      146.4
402.0      148.9
403.0      152.4
404.0      156.5
405.0      161.2
406.0      166.0
407.0      170.9
408.0      175.8
409.0      180.5
410.0      185.1
411.0      190.0
412.0      195.5
413.0      202.0
414.0      209.8
415.0      218.6
416.0      228.1
417.0      237.8
418.0      247.1
419.0      255.7
420.0      263.4
421.0      270.4
422.0      276.7
423.0      282.6
424.0      288.1
425.0      293.5
426.0      298.7
427.0      303.9
428.0      308.9
429.0      313.7
430.0      318.4
431.0      323.0
432.0      327.4
433.0      331.8
434.0      336.1
435.0      340.4
436.0      344.7
437.0      348.9
438.0      353.0
439.0      357.0
440.0      360.9
441.0      364.7
442.0      368.4
443.0      372.0
444.0      375.5
445.0      379.1
446.0      382.7
447.0      386.2
448.0      389.7
449.0      393.1
450.0      396.4
451.0      399.7
452.0      402.9
453.0      406.2
454.0      409.5
455.0      412.9
456.0      416.4
457.0      420.0
458.0      423.8
459.0      427.8
460.0      431.9
461.0      436.3
462.0      441.0
463.0      445.9
464.0      451.1
465.0      456.6
466.0      462.5
467.0      468.6
468.0      475.0
469.0      481.6
470.0      488.3
471.0      495.3
472.0      502.4
473.0      509.7
474.0      517.2
475.0      524.8
476.0      532.4
477.0      540.1
478.0      547.9
479.0      555.6
480.0      563.2
481.0      570.8
482.0      578.4
483.0      585.9
484.0      593.5
485.0      601.1
486.0      608.7
487.0      616.2
488.0      623.7
489.0      631.0
490.0      638.2
491.0      645.3
492.0      652.2
493.0      659.0
494.0      665.7
495.0      672.4
496.0      679.0
497.0      685.5
498.0      691.9
499.0      698.1
500.0      704.3
501.0      710.3
502.0      716.1
503.0      721.9
504.0      727.7
505.0      733.4
506.0      739.0
507.0      744.6
508.0      750.1
509.0      755.5
510.0      760.7
511.0      765.8
512.0      770.8
513.0      775.7
514.0      780.6
515.0      785.5
516.0      790.3
517.0      795.1
518.0      799.8
519.0      804.3
520.0      808.7
521.0      813.0
522.0      817.1
523.0      821.0
524.0      824.7
525.0      828.4
526.0      832.0
527.0      835.5
528.0      839.0
529.0      842.5
530.0      845.8
531.0      848.9
532.0      852.0
533.0      854.9
534.0      857.7
535.0      860.5
536.0      863.2
537.0      865.9
538.0      868.5
539.0      870.9
540.0      873.2
541.0      875.3
542.0      877.4
543.0      879.5
544.0      881.5
545.0      883.7
546.0      885.9
547.0      888.2
548.0      890.6
549.0      893.0
550.0      895.4
551.0      897.8
552.0      900.0
553.0      902.1
554.0      904.1
555.0      905.8
556.0      907.2
557.0      908.4
558.0      909.4
559.0      910.2
560.0      910.8
561.0      911.4
562.0      911.8
563.0      912.3
564.0      912.8
565.0      913.3
566.0      913.8
567.0      914.4
568.0      914.8
569.0      914.9
570.0      914.8
571.0      914.4
572.0      913.8
573.0      913.2
574.0      912.8
575.0      912.5
576.0      912.4
577.0      912.4
578.0      912.4
579.0      912.3
580.0      911.9
581.0      911.4
582.0      910.8
583.0      910.2
584.0      909.7
585.0      909.3
586.0      909.0
587.0      908.6
588.0      908.1
589.0      907.4
590.0      906.4
591.0      905.3
592.0      904.0
593.0      902.6
594.0      901.2
595.0      899.9
596.0      898.7
597.0      897.4
598.0      896.1
599.0      894.8
600.0      893.4
601.0      891.9
602.0      890.3
603.0      888.8
604.0      887.3
605.0      885.9
606.0      884.5
607.0      883.1
608.0      881.6
609.0      880.0
610.0      878.2
611.0      876.2
612.0      874.0
613.0      871.8
614.0      869.5
615.0      867.3
616.0      865.1
617.0      862.9
618.0      860.7
619.0      858.3
620.0      855.8
621.0      853.2
622.0      850.6
623.0      848.0
624.0      845.3
625.0      842.6
626.0      839.7
627.0      836.7
628.0      833.6
629.0      830.2
630.0      826.8
631.0      823.4
632.0      820.0
633.0      816.8
634.0      813.8
635.0      810.9
636.0      808.1
637.0      805.2
638.0      802.3
639.0      799.2
640.0      795.9
641.0      792.4
642.0      788.8
643.0      785.1
644.0      781.4
645.0      777.6
646.0      773.9
647.0      770.3
648.0      766.8
649.0      763.3
650.0      759.7
651.0      756.0
652.0      752.3
653.0      748.4
654.0      744.5
655.0      740.6
656.0      736.7
657.0      732.9
658.0      729.1
659.0      725.3
660.0      721.3
661.0      717.1
662.0      712.8
663.0      708.5
664.0      704.1
665.0      699.9
666.0      695.8
667.0      691.9
668.0      688.1
669.0      684.4
670.0      680.7
671.0      676.8
672.0      672.8
673.0      668.6
674.0      664.4
675.0      660.1
676.0      655.9
677.0      651.7
678.0      647.6
679.0      643.3
680.0      638.8
681.0      634.3
682.0      630.0
683.0      626.2
684.0      623.1
685.0      620.8
686.0      619.3
687.0      618.1
688.0      617.1
689.0      616.1
690.0      614.8
691.0      613.3
692.0      611.5
693.0      609.4
694.0      607.2
695.0      604.7
696.0      602.1
697.0      599.6
698.0      597.5
699.0      596.1
700.0      595.4
