400.0      5.9
401.0      5.9
402.0      5.9
403.0      5.9
404.0      5.9
405.0      5.9
406.0      5.9
407.0      5.9
408.0      5.9
409.0      5.9
410.0      5.9
411.0      5.9
412.0      5.9
413.0      5.8
414.0      5.9
415.0      5.9
416.0      6.0
417.0      6.1
418.0      6.1
419.0      6.1
420.0      6.1
421.0      6.1
422.0      6.1
423.0      6.1
424.0      6.1
425.0      6.1
426.0      6.1
427.0      6.1
428.0      6.1
429.0      6.1
430.0      6.2
431.0      6.3
432.0      6.3
433.0      6.4
434.0      6.4
435.0      6.4
436.0      6.4
437.0      6.3
438.0      6.3
439.0      6.3
440.0      6.3
441.0      6.3
442.0      6.3
443.0      6.3
444.0      6.3
445.0      6.3
446.0      6.3
447.0      6.3
448.0      6.3
449.0      6.3
450.0      6.3
451.0      6.3
452.0      6.3
453.0      6.3
454.0      6.4
455.0      6.4
456.0      6.5
457.0      6.5
458.0      6.6
459.0      6.6
460.0      6.6
461.0      6.6
462.0      6.6
463.0      6.6
464.0      6.6
465.0      6.6
466.0      6.6
467.0      6.6
468.0      6.6
469.0      6.6
470.0      6.6
471.0      6.6
472.0      6.7
473.0      6.8
474.0      6.8
475.0      6.8
476.0      6.8
477.0      6.8
478.0      6.8
479.0      6.8
480.0      6.8
481.0      6.8
482.0      6.8
483.0      6.8
484.0      6.9
485.0      7.0
486.0      7.1
487.0      7.1
488.0      7.1
489.0      7.1
490.0      7.1
491.0      7.1
492.0      7.1
493.0      7.1
494.0      7.1
495.0      7.1
496.0      7.1
497.0      7.2
498.0      7.3
499.0      7.3
500.0      7.3
501.0      7.3
502.0      7.3
503.0      7.3
504.0      7.3
505.0      7.3
506.0      7.3
507.0      7.3
508.0      7.3
509.0      7.3
510.0      7.4
511.0      7.5
512.0      7.6
513.0      7.6
514.0      7.6
515.0      7.6
516.0      7.6
517.0      7.6
518.0      7.6
519.0      7.6
520.0      7.6
521.0      7.6
522.0      7.6
523.0      7.6
524.0      7.5
525.0      7.6
526.0      7.6
527.0      7.8
528.0      7.8
529.0      7.8
530.0      7.8
531.0      7.8
532.0      7.8
533.0      7.8
534.0      7.8
535.0      7.8
536.0      7.8
537.0      7.8
538.0      7.8
539.0      7.8
540.0      7.8
541.0      7.8
542.0      7.8
543.0      7.8
544.0      7.8
545.0      7.8
546.0      7.8
547.0      7.8
548.0      7.8
549.0      7.8
550.0      7.8
551.0      7.9
552.0      8.0
553.0      8.0
554.0      8.1
555.0      8.1
556.0      8.1
557.0      8.1
558.0      8.1
559.0      8.1
560.0      8.1
561.0      8.1
562.0      8.1
563.0      8.1
564.0      8.1
565.0      8.1
566.0      8.1
567.0      8.1
568.0      8.1
569.0      8.1
570.0      8.1
571.0      8.1
572.0      8.1
573.0      8.1
574.0      8.1
575.0      8.1
576.0      8.1
577.0      8.1
578.0      8.1
579.0      8.1
580.0      8.1
581.0      8.1
582.0      8.1
583.0      8.1
584.0      8.1
585.0      8.1
586.0      8.1
587.0      8.1
588.0      8.1
589.0      8.1
590.0      8.1
591.0      8.1
592.0      8.1
593.0      8.1
594.0      8.1
595.0      8.1
596.0      8.1
597.0      8.1
598.0      8.1
599.0      8.1
600.0      8.1
601.0      8.1
602.0      8.1
603.0      8.1
604.0      8.1
605.0      8.1
606.0      8.1
607.0      8.1
608.0      8.1
609.0      8.1
610.0      8.1
611.0      8.1
612.0      8.1
613.0      8.1
614.0      8.1
615.0      8.1
616.0      8.1
617.0      8.1
618.0      8.1
619.0      8.1
620.0      8.1
621.0      8.1
622.0      8.1
623.0      8.1
624.0      8.1
625.0      8.1
626.0      8.1
627.0      8.1
628.0      8.1
629.0      8.1
630.0      8.1
631.0      8.1
632.0      8.1
633.0      8.1
634.0      8.1
635.0      8.1
636.0      8.1
637.0      8.1
638.0      8.1
639.0      8.0
640.0      7.9
641.0      7.8
642.0      7.8
643.0      7.8
644.0      7.8
645.0      7.8
646.0      7.8
647.0      7.8
648.0      7.8
649.0      7.8
650.0      7.8
651.0      7.8
652.0      7.8
653.0      7.8
654.0      7.8
655.0      7.8
656.0      7.8
657.0      7.8
658.0      7.8
659.0      7.8
660.0      7.8
661.0      7.8
662.0      7.7
663.0      7.6
664.0      7.6
665.0      7.6
666.0      7.6
667.0      7.6
668.0      7.6
669.0      7.6
670.0      7.6
671.0      7.6
672.0      7.6
673.0      7.6
674.0      7.6
675.0      7.6
676.0      7.6
677.0      7.6
678.0      7.6
679.0      7.6
680.0      7.6
681.0      7.6
682.0      7.6
683.0      7.5
684.0      7.5
685.0      7.5
686.0      7.5
687.0      7.6
688.0      7.6
689.0      7.5
690.0      7.5
691.0      7.5
692.0      7.5
693.0      7.5
694.0      7.4
695.0      7.3
696.0      7.3
697.0      7.3
698.0      7.3
699.0      7.3
700.0      7.3
