5.6
5.6
5.6
5.6
5.6
5.6
5.6
5.6
5.6
5.6
5.6
5.6
5.6
5.6
5.6
5.6
5.7
5.8
5.9
6.1
6.3
6.6
7.1
7.8
9.0
10.6
12.6
15.0
18.1
21.8
25.9
30.4
35.4
40.9
47.0
53.3
59.9
66.7
73.5
80.4
87.2
93.7
100.0
106.1
112.1
117.8
123.1
128.3
133.2
137.8
142.1
146.0
149.6
152.9
156.1
159.2
161.9
164.3
166.6
168.6
170.4
172.0
173.3
174.4
175.4
176.1
176.5
176.5
176.3
175.9
175.2
174.4
173.4
172.3
170.8
169.2
167.3
165.2
162.7
160.0
157.1
154.1
150.9
147.5
144.0
140.3
136.6
132.9
129.3
125.5
121.9
118.4
115.1
111.8
108.6
105.6
102.6
99.9
96.9
93.9
90.7
87.4
83.8
80.0
75.9
71.9
68.1
64.5
61.1
57.8
54.8
52.1
49.5
46.8
44.2
41.7
39.2
36.8
34.4
32.2
30.1
28.3
26.5
24.8
23.1
21.6
20.3
19.1
18.0
17.1
16.3
15.7
15.1
14.6
14.2
13.9
13.6
13.4
13.3
13.2
13.1
13.0
13.1
13.2
13.4
13.5
13.9
14.2
14.6
15.0
15.6
16.1
16.6
17.1
17.6
18.0
18.3
18.6
18.8
18.7
18.6
18.4
18.1
17.8
17.3
16.7
16.1
15.4
14.7
13.9
13.2
12.4
11.7
11.0
10.4
9.8
9.3
8.8
8.3
7.9
7.6
7.3
7.1
6.8
6.6
6.4
6.4
6.3
6.2
6.1
6.1
6.1
6.1
6.0
5.9
5.9
5.9
5.9
5.9
5.9
5.9
5.9
5.9
5.9
5.9
5.9
5.9
5.9
5.9
5.9
5.9
5.9
5.9
5.9
5.9
5.9
5.9
5.9
5.9
5.9
5.9
5.9
5.9
5.9
5.9
5.9
5.9
5.9
5.8
5.7
5.6
5.6
5.6
5.6
5.6
5.6
5.6
5.6
5.6
5.6
5.6
5.6
5.6
5.6
5.6
5.6
5.6
5.6
5.6
5.6
5.6
5.6
5.6
5.6
5.6
5.6
5.6
5.6
5.6
5.6
5.6
5.6
5.6
5.6
5.7
5.8
5.8
5.9
5.9
5.8
5.9
5.9
6.0
6.1
6.1
6.1
6.2
6.3
6.3
6.4
6.5
6.7
6.8
6.8
6.9
7.0
7.2
7.3
7.5
7.6
7.8
7.9
8.0
8.1
8.2
8.3
8.4
8.5
8.5
8.6
8.6
